Lead		Pb	2	-0.05	0.341176471	0.349019608	0.380392157	
Tin		Sn	2	-0.14	0.400000000	0.501960784	0.501960784	
Nickel		Ni	2	-0.25	0.313725490	0.815686275	0.313725490	
Cobalt		Co	2	-0.28	0.941176471	0.564705882	0.627450980	
Thallium	Tl	1	-0.34	0.650980392	0.329411765	0.301960784	
Cadmium	Cd	2	-0.403	1.000000000	0.850980392	0.560784314	
Iron		Fe	2	-0.44	0.878431373	0.400000000	0.200000000	
Gallium	Ga	3	-0.53	0.760784314	0.560784314	0.560784314	
Chromium	Cr	3	-0.74	0.541176471	0.600000000	0.780392157	
Zinc		Zn	2	-0.763	0.490196078	0.501960784	0.690196078	
Chromium	Cr	2	-0.91	0.541176471	0.600000000	0.780392157
Manganese	Mn	2	-1.18	0.611764706	0.478431373	0.780392157
Vanadium	V	2	-1.18	0.650980392	0.650980392	0.670588235	
Zirconium	Zr	4	-1.53	0.580392157	0.878431373	0.878431373	
Aluminum	Al	3	-1.66	0.749019608	0.650980392	0.650980392	
Magnesium	Mg	2	-2.37	0.541176471	1.000000000	0.000000000	
Calcium	Ca	2	-2.87	0.239215686	1.000000000	0.000000000	
Strontium	Sr	2	-2.89	0.000000000	1.000000000	0.000000000	
Barium		Ba	2	-2.9	0.000000000	0.788235294	0.000000000	
Rubidium	Rb	1	-2.925	0.439215686	0.180392157	0.690196078	
Pottasium	K	1	-2.925	0.560784314	0.250980392	0.831372549
Lithium		Li	1	-3.045	0.800000000	0.501960784	1.000000000	